00000000000000000000000000000000000000011100000000000000000000000000000000000000
00000000000000000000000000000000000001000001000000000000000000000000000000000000
00010000000000000000000000000000000001000001000000000000000000000000000000001000
01010000000000000000000000000000000001000001000000000000000000000000000000001010
00110000000000000000000000000000000000101010000000000000000000000000000000001100
00000000000000000000000000000000000000000000000000000000000000000000000000000000
00000000000000000000000000000000011010000000101100000000000000000000000000000000
00000000000000000000000000000000011000000000001100000000000000000000000000000000
00000000000000000001110000000000000010010100100000000000000111000000000000000000
00000000000000000000000000000000000110000000110000000000000000000000000000000000
00000000000000000100000100000001000110000000110001000000010000010000000000000000
00000000000000000100000100000001001110000000111001000000010000010000000000000000
00000000000000000100000100000001000110000000110001000000010000010000000000000000
00000000000000000000000000000000000110000000110000000000000000000000000000000000
00000000000000000001110000000000000010010100100000000000000111000000000000000000
00000000000000000000000000000000011000000000001100000000000000000000000000000000
00000000000000000000000000000000011010010100101100000000000000000000000000000000
00000000000000000000000000000000000001111111000000000000000000000000000000000000
00000000000000000000000000000000000000011100000000000000000000000000000000000000
00110000000000000000000000000000000000000000000000000000000000000000000000001100
01010000000000000000000000000000000001000001000000000000000000000000000000001010
00010000000000000000000000000000000001000001000000000000000000000000000000001000
00000000000000000000000000000000000001000001000000000000000000000000000000000000
00000000000000000000000000000000000000011100000000000000000000000000000000000000
